        Voltage_measured  Current_measured  Temperature_measured  Current_load  Voltage_load      Time battery_id  file_index  cycle_sequence
0               4.246711          0.000252              6.212696        0.0002         0.000     0.000      B0047           1               1
1               4.246764         -0.001411              6.234019        0.0002         4.262     9.360      B0047           1               1
2               4.039277         -0.995093              6.250255        1.0000         3.465    23.281      B0047           1               1
3               4.019506         -0.996731              6.302176        1.0000         3.451    36.406      B0047           1               1
4               4.004763         -0.992845              6.361645        1.0000         3.438    49.625      B0047           1               1
...                  ...               ...                   ...           ...           ...       ...        ...         ...             ...
745598          3.728439          0.001585             13.405031        0.0004         0.000  2304.750      B0055        7564             102
745599          3.729747          0.000097             13.282155        0.0006         0.000  2317.984      B0055        7564             102
745600          3.731507         -0.000431             13.059522        0.0004         0.000  2331.187      B0055        7564             102
745601          3.732974         -0.000321             12.831632        0.0004         0.000  2344.468      B0055        7564             102
745602          3.734484         -0.000687             12.690525        0.0006         0.000  2357.687      B0055        7564             102
[745603 rows x 9 columns]

        Voltage_measured  Current_measured  Temperature_measured  Current_load  Voltage_load      Time  battery_id  cycle_sequence
0               2.465728          1.366180             -1.549870     -1.173979     -1.826132 -1.359661    0.935348       -1.208385
1               2.465890          1.364752             -1.548340     -1.173979      1.991750 -1.352962    0.935348       -1.208385
2               1.830285          0.511370             -1.547175     -0.389405      1.277801 -1.342999    0.935348       -1.208385
3               1.769721          0.509964             -1.543448     -0.389405      1.265260 -1.333606    0.935348       -1.208385
4               1.724558          0.513301             -1.539180     -0.389405      1.253614 -1.324146    0.935348       -1.208385
...                  ...               ...                   ...           ...           ...       ...         ...             ...
745598          0.878081          1.367324             -1.033676     -1.173822     -1.826132  0.289799    1.440289        0.947401
745599          0.882088          1.366047             -1.042495     -1.173665     -1.826132  0.299270    1.440289        0.947401
745600          0.887478          1.365593             -1.058473     -1.173822     -1.826132  0.308720    1.440289        0.947401
745601          0.891974          1.365688             -1.074829     -1.173822     -1.826132  0.318224    1.440289        0.947401
745602          0.896597          1.365374             -1.084956     -1.173665     -1.826132  0.327685    1.440289        0.947401

[745603 rows x 8 columns]

첫 번째 학습 파일의 처음 3개 행:
tensor([[ 2.2817,  1.3645, -1.6043, -1.1740, -1.8261, -1.3597,  0.9353, -1.1870,
          5.0000],
        [ 2.2817,  1.3640, -1.6024, -1.1740,  1.3274, -1.3541,  0.9353, -1.1870,
          5.0000],
        [ 1.8981,  0.7882, -1.6009, -0.6443,  1.4720, -1.3463,  0.9353, -1.1870,
          5.0000]])
